0 0 0.0
0 1 0.004509093589624184
0 2 0.00902789371891385
0 3 0.002177424625564323
0 4 0.010828553596856602
0 5 0.01651991410389497
0 6 0.021860625539999283
0 7 0.011870104043342777
0 8 0.015881975475358107
0 9 0.02057665777039416
0 10 0.024714833299053267
0 11 0.020738338530364504
0 12 0.008775022791982806
0 13 0.012884869343532087
0 14 0.011783636450591564
0 15 0.01469949526343086
0 16 0.018204027301669003
0 17 0.01769723441670363
0 18 0.016345576068152366
0 19 0.015731734615096745
0 20 0.020015628144025712
0 21 0.021498025420950657
0 22 0.025106318726565068
0 23 0.030556253255264433
0 24 0.03728304987524357
0 25 1.0
0 26 1.0
1 0 0.004509093589624184
1 1 0.0
1 2 0.0045667012164145445
1 3 0.0051173955289738485
1 4 0.007224070874507527
1 5 0.012201120973091579
1 6 0.017434119019899885
1 7 0.009003113516997946
1 8 0.011957559700876846
1 9 0.016301246394066746
1 10 0.02021657320121455
1 11 0.01623298302839165
1 12 0.008914496620671975
1 13 0.011603404026410507
1 14 0.012902135675922846
1 15 0.015813740480983333
1 16 0.019980021846840532
1 17 0.0185350695979295
1 18 0.016351728777106795
1 19 0.01477446422040778
1 20 0.016673755335861455
1 21 0.017647961072034944
1 22 0.020944085585197683
1 23 0.02614653506681193
1 24 0.03282982468731872
1 25 1.0
1 26 1.0
2 0 0.00902789371891385
2 1 0.0045667012164145445
2 2 0.0
2 3 0.009187528775463761
2 4 0.004346872898984632
2 5 0.007700636661991537
2 6 0.0128676886036312
2 7 0.008797793416529084
2 8 0.009396173795753776
2 9 0.012699011063860595
2 10 0.015881582288929698
2 11 0.01186466999119838
2 12 0.011784110063977699
2 13 0.012886116133268998
2 14 0.01602407529312949
2 15 0.01876315037513281
2 16 0.023236573521072355
2 17 0.02115629440615857
2 18 0.018406001684233987
2 19 0.016057066388355776
2 20 0.014840877366251814
2 21 0.01489651858656948
2 22 0.01749473329319559
2 23 0.022085062644239217
2 24 0.028626683374083726
2 25 1.0
2 26 1.0
3 0 0.002177424625564323
3 1 0.0051173955289738485
3 2 0.009187528775463761
3 3 0.0
3 4 0.010075107989494498
3 5 0.016244423043002134
3 6 0.02172064329157909
3 7 0.01349201437887576
3 8 0.017027655886818323
3 9 0.021407981338742634
3 10 0.025067793460933043
3 11 0.021052091511296854
3 12 0.010926997986631078
3 13 0.014911274794596231
3 14 0.013946634934626563
3 15 0.016852655369397392
3 16 0.020263052879564446
3 17 0.019860792532017873
3 18 0.01851682362069262
3 19 0.017823600646331688
3 20 0.021504078310869004
3 21 0.022706759632318264
3 22 0.02606144098088038
3 23 0.03116876771705692
3 24 0.037785609985812325
3 25 1.0
3 26 1.0
4 0 0.010828553596856602
4 1 0.007224070874507527
4 2 0.004346872898984632
4 3 0.010075107989494498
4 4 0.0
4 5 0.006643653889237688
4 6 0.012168997082750061
4 7 0.01312926582104507
4 8 0.012976252232436243
4 9 0.0150961227472451
4 10 0.016648258767809745
4 11 0.012753491521932364
4 12 0.015700993408051984
4 13 0.017200454209114573
4 14 0.01987129147789769
4 15 0.02270678532948865
4 16 0.02704416168047882
4 17 0.025238957288281356
4 18 0.02263229219499594
4 19 0.020384784742541386
4 20 0.018602167750019258
4 21 0.018068829790546255
4 22 0.01987200767410803
4 23 0.023346782904711257
4 24 0.029436356788839456
4 25 1.0
4 26 1.0
5 0 0.01651991410389497
5 1 0.012201120973091579
5 2 0.007700636661991537
5 3 0.016244423043002134
5 4 0.006643653889237688
5 5 0.0
5 6 0.005544657338375425
5 7 0.0139025909815366
5 8 0.010964448412939507
5 9 0.010571193357425202
5 10 0.010324321430488786
5 11 0.006745901051755577
5 12 0.018872774173393912
5 13 0.01869240198583699
5 14 0.02309667686053259
5 15 0.025626535485699636
5 16 0.030248258396149877
5 17 0.027671275648225527
5 18 0.024507903806732102
5 19 0.021557446323719892
5 20 0.016299821103316656
5 21 0.014502038098142501
5 22 0.014913000033529003
5 23 0.01716880289944246
5 24 0.022956042559640448
5 25 1.0
5 26 1.0
6 0 0.021860625539999283
6 1 0.017434119019899885
6 2 0.0128676886036312
6 3 0.02172064329157909
6 4 0.012168997082750061
6 5 0.005544657338375425
6 6 0.0
6 7 0.017153502062259157
6 8 0.01270185954890188
6 9 0.009702573679188696
6 10 0.006123803556618298
6 11 0.004539487636295055
6 12 0.023089243383011413
6 13 0.02196952354968447
6 14 0.027183508695528612
6 15 0.029461696658540298
6 16 0.03414255340480959
6 17 0.03115000207062767
6 18 0.027736443175000968
6 19 0.024461293771999734
6 20 0.01692631811706651
6 21 0.014076439606661321
6 22 0.01268511793402212
6 23 0.012796232023526023
6 24 0.01788695583379224
6 25 1.0
6 26 1.0
7 0 0.011870104043342777
7 1 0.009003113516997946
7 2 0.008797793416529084
7 3 0.01349201437887576
7 4 0.01312926582104507
7 5 0.0139025909815366
7 6 0.017153502062259157
7 7 0.0
7 8 0.005588458195244154
7 9 0.01103955003611876
7 10 0.016993468892486815
7 11 0.013810276065301606
7 12 0.006943142588193377
7 13 0.00484303788959548
7 14 0.010448974399431807
7 15 0.012406738370739407
7 16 0.01708188806895119
7 17 0.014000877258233154
7 18 0.010661851105698252
7 19 0.007670137938791032
7 20 0.008211515085542685
7 21 0.010325760262568963
7 22 0.014648871970224561
7 23 0.02118200474459513
7 24 0.028086840228120868
7 25 1.0
7 26 1.0
8 0 0.015881975475358107
8 1 0.011957559700876846
8 2 0.009396173795753776
8 3 0.017027655886818323
8 4 0.012976252232436243
8 5 0.010964448412939507
8 6 0.01270185954890188
8 7 0.005588458195244154
8 8 0.0
8 9 0.0054518345536152405
8 10 0.011542610190072864
8 11 0.008752300269067429
8 12 0.012516225149779096
8 13 0.009866966960521618
8 14 0.015976316127315662
8 15 0.017721692752101694
8 16 0.022342461480331446
8 17 0.018932098800714548
8 18 0.015368710681120711
8 19 0.01193444615388584
8 20 0.005655295306174696
8 21 0.005692053759409065
8 22 0.009366015428132288
8 23 0.015635597654072516
8 24 0.022543294368836196
8 25 1.0
8 26 1.0
9 0 0.02057665777039416
9 1 0.016301246394066746
9 2 0.012699011063860595
9 3 0.021407981338742634
9 4 0.0150961227472451
9 5 0.010571193357425202
9 6 0.009702573679188696
9 7 0.01103955003611876
9 8 0.0054518345536152405
9 9 0.0
9 10 0.00651854661715348
9 11 0.005163241230076267
9 12 0.017966112322924107
9 13 0.015128147176703018
9 14 0.021386794453584337
9 15 0.0230055948412514
9 16 0.027567578511723128
9 17 0.023980441301192423
9 18 0.02035043409856206
9 19 0.016811032240761574
9 20 0.007494395572692349
9 21 0.004374011431164358
9 22 0.004817483264111008
9 23 0.010243559635205813
9 24 0.01714180331820452
9 25 1.0
9 26 1.0
10 0 0.024714833299053267
10 1 0.02021657320121455
10 2 0.015881582288929698
10 3 0.025067793460933043
10 4 0.016648258767809745
10 5 0.010324321430488786
10 6 0.006123803556618298
10 7 0.016993468892486815
10 8 0.011542610190072864
10 9 0.00651854661715348
10 10 0.0
10 11 0.004022075334947694
10 12 0.023740746955390583
10 13 0.021406098313331203
10 14 0.027442441673433814
10 15 0.02926398366592899
10 16 0.03388196518798841
10 17 0.03039989067414446
10 18 0.026790489543864343
10 19 0.023274103140613407
10 20 0.013843685383595683
10 21 0.010293793955578364
10 22 0.007356532131375476
10 23 0.006869397062327895
10 24 0.012830744990060797
10 25 1.0
10 26 1.0
11 0 0.020738338530364504
11 1 0.01623298302839165
11 2 0.01186466999119838
11 3 0.021052091511296854
11 4 0.012753491521932364
11 5 0.006745901051755577
11 6 0.004539487636295055
11 7 0.013810276065301606
11 8 0.008752300269067429
11 9 0.005163241230076267
11 10 0.004022075334947694
11 11 0.0
11 12 0.020302679724603367
11 13 0.0184709729305177
11 14 0.02418320162839741
11 15 0.02621316085480046
11 16 0.030881630866907508
11 17 0.027621761873562686
11 18 0.02409442267413318
11 19 0.020685039062080867
11 20 0.01246771771415686
11 21 0.0095369817028151
11 22 0.0085332400059939
11 23 0.010594268733606345
11 24 0.016833759799876252
11 25 1.0
11 26 1.0
12 0 0.008775022791982806
12 1 0.008914496620671975
12 2 0.011784110063977699
12 3 0.010926997986631078
12 4 0.015700993408051984
12 5 0.018872774173393912
12 6 0.023089243383011413
12 7 0.006943142588193377
12 8 0.012516225149779096
12 9 0.017966112322924107
12 10 0.023740746955390583
12 11 0.020302679724603367
12 12 0.0
12 13 0.004798721600596567
12 14 0.004249873998131108
12 15 0.007007330590173204
12 16 0.011459341560497884
12 17 0.009624200382373459
12 18 0.00764806694531691
12 19 0.007119561854500767
12 20 0.014347905805379839
12 21 0.01705845995393529
12 22 0.021529209298066978
12 23 0.028125062168820256
12 24 0.035029443629608296
12 25 1.0
12 26 1.0
13 0 0.012884869343532087
13 1 0.011603404026410507
13 2 0.012886116133268998
13 3 0.014911274794596231
13 4 0.017200454209114573
13 5 0.01869240198583699
13 6 0.02196952354968447
13 7 0.00484303788959548
13 8 0.009866966960521618
13 9 0.015128147176703018
13 10 0.021406098313331203
13 11 0.0184709729305177
13 12 0.004798721600596567
13 13 0.0
13 14 0.006545047746196285
13 15 0.007877958174548871
13 16 0.012476004007694977
13 17 0.009185128197253138
13 18 0.00582434760294843
13 19 0.003212236603986349
13 20 0.010139350077791895
13 21 0.013308324650384782
13 22 0.017981963018536485
13 23 0.0248936621853862
13 24 0.03172429520099704
13 25 1.0
13 26 1.0
14 0 0.011783636450591564
14 1 0.012902135675922846
14 2 0.01602407529312949
14 3 0.013946634934626563
14 4 0.01987129147789769
14 5 0.02309667686053259
14 6 0.027183508695528612
14 7 0.010448974399431807
14 8 0.015976316127315662
14 9 0.021386794453584337
14 10 0.027442441673433814
14 11 0.02418320162839741
14 12 0.004249873998131108
14 13 0.006545047746196285
14 14 0.0
14 15 0.0029514682786703824
14 16 0.007212712804494188
14 17 0.005914170271480613
14 18 0.0053777546429750285
14 19 0.006971607705547241
14 20 0.016664229055075374
14 21 0.019841513173142967
14 22 0.024493102375973966
14 23 0.031340098548026475
14 24 0.03820117872526789
14 25 1.0
14 26 1.0
15 0 0.01469949526343086
15 1 0.015813740480983333
15 2 0.01876315037513281
15 3 0.016852655369397392
15 4 0.02270678532948865
15 5 0.025626535485699636
15 6 0.029461696658540298
15 7 0.012406738370739407
15 8 0.017721692752101694
15 9 0.0230055948412514
15 10 0.02926398366592899
15 11 0.02621316085480046
15 12 0.007007330590173204
15 13 0.007877958174548871
15 14 0.0029514682786703824
15 15 0.0
15 16 0.004682637824993564
15 17 0.003067832622558689
15 18 0.004063822092564232
15 19 0.007009308168429405
15 20 0.01753096588896266
15 21 0.02097101204043301
15 22 0.025689188640358136
15 23 0.03268157138204973
15 24 0.039463094468120685
15 25 1.0
15 26 1.0
16 0 0.018204027301669003
16 1 0.019980021846840532
16 2 0.023236573521072355
16 3 0.020263052879564446
16 4 0.02704416168047882
16 5 0.030248258396149877
16 6 0.03414255340480959
16 7 0.01708188806895119
16 8 0.022342461480331446
16 9 0.027567578511723128
16 10 0.03388196518798841
16 11 0.030881630866907508
16 12 0.011459341560497884
16 13 0.012476004007694977
16 14 0.007212712804494188
16 15 0.004682637824993564
16 16 0.0
16 17 0.004160320179985634
16 18 0.007598254338992148
16 19 0.011087793107739857
16 20 0.021747486291524686
16 21 0.0253093382963708
16 22 0.030035079656962303
16 23 0.03708282816884769
16 24 0.043799574358663086
16 25 1.0
16 26 1.0
17 0 0.01769723441670363
17 1 0.0185350695979295
17 2 0.02115629440615857
17 3 0.019860792532017873
17 4 0.025238957288281356
17 5 0.027671275648225527
17 6 0.03115000207062767
17 7 0.014000877258233154
17 8 0.018932098800714548
17 9 0.023980441301192423
17 10 0.03039989067414446
17 11 0.027621761873562686
17 12 0.009624200382373459
17 13 0.009185128197253138
17 14 0.005914170271480613
17 15 0.003067832622558689
17 16 0.004160320179985634
17 17 0.0
17 18 0.003652648491164228
17 19 0.007221325363118214
17 20 0.0178131403183159
17 21 0.021448151085818205
17 22 0.026162100871298773
17 23 0.03324294591338444
17 24 0.039890746019596815
17 25 1.0
17 26 1.0
18 0 0.016345576068152366
18 1 0.016351728777106795
18 2 0.018406001684233987
18 3 0.01851682362069262
18 4 0.02263229219499594
18 5 0.024507903806732102
18 6 0.027736443175000968
18 7 0.010661851105698252
18 8 0.015368710681120711
18 9 0.02035043409856206
18 10 0.026790489543864343
18 11 0.02409442267413318
18 12 0.00764806694531691
18 13 0.00582434760294843
18 14 0.0053777546429750285
18 15 0.004063822092564232
18 16 0.007598254338992148
18 17 0.003652648491164228
18 18 0.0
18 19 0.0035686951396838133
18 20 0.014185200210077983
18 21 0.017802118076230417
18 22 0.022519583055642608
18 23 0.02959595191914167
18 24 0.036259840498821055
18 25 1.0
18 26 1.0
19 0 0.015731734615096745
19 1 0.01477446422040778
19 2 0.016057066388355776
19 3 0.017823600646331688
19 4 0.020384784742541386
19 5 0.021557446323719892
19 6 0.024461293771999734
19 7 0.007670137938791032
19 8 0.01193444615388584
19 9 0.016811032240761574
19 10 0.023274103140613407
19 11 0.020685039062080867
19 12 0.007119561854500767
19 13 0.003212236603986349
19 14 0.006971607705547241
19 15 0.007009308168429405
19 16 0.011087793107739857
19 17 0.007221325363118214
19 18 0.0035686951396838133
19 19 0.0
19 20 0.01065978855324931
19 21 0.014244530775003547
19 22 0.01896612184923334
19 23 0.026035429418392503
19 24 0.03271913681624117
19 25 1.0
19 26 1.0
20 0 0.020015628144025712
20 1 0.016673755335861455
20 2 0.014840877366251814
20 3 0.021504078310869004
20 4 0.018602167750019258
20 5 0.016299821103316656
20 6 0.01692631811706651
20 7 0.008211515085542685
20 8 0.005655295306174696
20 9 0.007494395572692349
20 10 0.013843685383595683
20 11 0.01246771771415686
20 12 0.014347905805379839
20 13 0.010139350077791895
20 14 0.016664229055075374
20 15 0.01753096588896266
20 16 0.021747486291524686
20 17 0.0178131403183159
20 18 0.014185200210077983
20 19 0.01065978855324931
20 20 0.0
20 21 0.0037588680477001267
20 22 0.008382479943310518
20 23 0.015480195767499344
20 24 0.022077606799650505
20 25 1.0
20 26 1.0
21 0 0.021498025420950657
21 1 0.017647961072034944
21 2 0.01489651858656948
21 3 0.022706759632318264
21 4 0.018068829790546255
21 5 0.014502038098142501
21 6 0.014076439606661321
21 7 0.010325760262568963
21 8 0.005692053759409065
21 9 0.004374011431164358
21 10 0.010293793955578364
21 11 0.0095369817028151
21 12 0.01705845995393529
21 13 0.013308324650384782
21 14 0.019841513173142967
21 15 0.02097101204043301
21 16 0.0253093382963708
21 17 0.021448151085818205
21 18 0.017802118076230417
21 19 0.014244530775003547
21 20 0.0037588680477001267
21 21 0.0
21 22 0.004726056813029762
21 23 0.011794958668856194
21 24 0.01849870419786009
21 25 1.0
21 26 1.0
22 0 0.025106318726565068
22 1 0.020944085585197683
22 2 0.01749473329319559
22 3 0.02606144098088038
22 4 0.01987200767410803
22 5 0.014913000033529003
22 6 0.01268511793402212
22 7 0.014648871970224561
22 8 0.009366015428132288
22 9 0.004817483264111008
22 10 0.007356532131375476
22 11 0.0085332400059939
22 12 0.021529209298066978
22 13 0.017981963018536485
22 14 0.024493102375973966
22 15 0.025689188640358136
22 16 0.030035079656962303
22 17 0.026162100871298773
22 18 0.022519583055642608
22 19 0.01896612184923334
22 20 0.008382479943310518
22 21 0.004726056813029762
22 22 0.0
22 23 0.007097747318695238
22 24 0.013774999092558502
22 25 1.0
22 26 1.0
23 0 0.030556253255264433
23 1 0.02614653506681193
23 2 0.022085062644239217
23 3 0.03116876771705692
23 4 0.023346782904711257
23 5 0.01716880289944246
23 6 0.012796232023526023
23 7 0.02118200474459513
23 8 0.015635597654072516
23 9 0.010243559635205813
23 10 0.006869397062327895
23 11 0.010594268733606345
23 12 0.028125062168820256
23 13 0.0248936621853862
23 14 0.031340098548026475
23 15 0.03268157138204973
23 16 0.03708282816884769
23 17 0.03324294591338444
23 18 0.02959595191914167
23 19 0.026035429418392503
23 20 0.015480195767499344
23 21 0.011794958668856194
23 22 0.007097747318695238
23 23 0.0
23 24 0.006907739210478591
23 25 1.0
23 26 1.0
24 0 0.03728304987524357
24 1 0.03282982468731872
24 2 0.028626683374083726
24 3 0.037785609985812325
24 4 0.029436356788839456
24 5 0.022956042559640448
24 6 0.01788695583379224
24 7 0.028086840228120868
24 8 0.022543294368836196
24 9 0.01714180331820452
24 10 0.012830744990060797
24 11 0.016833759799876252
24 12 0.035029443629608296
24 13 0.03172429520099704
24 14 0.03820117872526789
24 15 0.039463094468120685
24 16 0.043799574358663086
24 17 0.039890746019596815
24 18 0.036259840498821055
24 19 0.03271913681624117
24 20 0.022077606799650505
24 21 0.01849870419786009
24 22 0.013774999092558502
24 23 0.006907739210478591
24 24 0.0
24 25 1.0
24 26 1.0
25 0 1.0
25 1 1.0
25 2 1.0
25 3 1.0
25 4 1.0
25 5 1.0
25 6 1.0
25 7 1.0
25 8 1.0
25 9 1.0
25 10 1.0
25 11 1.0
25 12 1.0
25 13 1.0
25 14 1.0
25 15 1.0
25 16 1.0
25 17 1.0
25 18 1.0
25 19 1.0
25 20 1.0
25 21 1.0
25 22 1.0
25 23 1.0
25 24 1.0
25 25 1.0
25 26 1.0
26 0 1.0
26 1 1.0
26 2 1.0
26 3 1.0
26 4 1.0
26 5 1.0
26 6 1.0
26 7 1.0
26 8 1.0
26 9 1.0
26 10 1.0
26 11 1.0
26 12 1.0
26 13 1.0
26 14 1.0
26 15 1.0
26 16 1.0
26 17 1.0
26 18 1.0
26 19 1.0
26 20 1.0
26 21 1.0
26 22 1.0
26 23 1.0
26 24 1.0
26 25 1.0
26 26 1.0
